-- Problem Inputs --
r_a      = 0.5
phi_a    = -0.44444
-- Force Coefficient --
C_F_a    = 0.88889
C_F_b    = 0.026482
-- Power Coefficient --
Cp_num   = -0.61223
Cp_theo  = -0.61025
e_Cp     =  0.32511%
-- Average Normal Speed on Actuator --
ua_num   = 0.68876
ua_theo  = 0.68653
e_ua     = 0.32511%
-- Induction Factor --
a1_num   = 0.31124
a1_theo  = 0.31347
e_a1     = -0.71201%
-- Solution Residuals --
Strecht  = 6.873e-15
Shape    = 9.9962e-13
